22233
22263
21171
21137
21325
21241
21266
21909
22271
21927
22150
22769
23764
22790
22309
21451
22364
21192
22862
21323
21913
21131
21455
22415
21930
21543
22156
22403
49078
21448
21165
21903
21886
21887
21992
23124
21208
21364
21172
21168
22196
22474
21397
21603
21248
22352
21235
21218
21154
21263
21350
21158
21127
21163
21410
21273
21351
21596
21473
21462
21536
21547
21591
21291
21608
21761
21946
21733
21745
21756
21791
21839
21267
21270
21631
21688
21711
21713
21159
21932
21136
21465
21513
21758
21763
21772
21793
21829
21369
21975
22002
21537
21605
21607
21553
21570
21626
21627
22080
21709
21998
22044
21439
21673
22375
23136
21176
21466
22117
22282
21257
21412
21566
22081
22210
22099
21140
22236
21222
21426
22480
21289
21290
21393
22407
22724
21196
21277
21460
22173
22268
21430
22127
21166
22256
21295
22323
21406
21653
22193
21214
22159
22200
21225
21359
22320
21694
21691
21697
21707
21769
21808
21319
21366
21538
21572
21573
21579
21619
21872
21965
21979
21980
22096
22109
22132
22134
22136
21143
21177
21194
21249
21368
21541
21630
21665
21716
22174
21341
21528
21531
21582
21780
21811
21817
21860
22295
22329
22360
21256
21478
21901
22022
22377
21356
21660
21669
22314
22010
22503
22527
21147
21185
21231
22146
22558
21683
22005
21828
21262
22708
22989
21284
21332
21401
21139
21549
23407
21178
22152
21160
21182
21205
21264
21312
22243
21167
21933
22076
21175
21335
21371
21392
21910
21459
21870
22231
22239
22368
22666
21190
21434
22111
21490
22357
22406
21202
21477
21686
25738
23808
31856
32903
33293
34441
31803
32352
34469
31804
32035
32702
33623
33624
34621
32681
32174
33189
34787
32616
35327
33406
34294
35306
32833
34293
32003
32464
37410
35848
37356
37384
37507
36404
37439
35395
35424
37780
37608
38633
35465
36284
36161
36759
37903
36755
37941
35889
36038
36256
38755
37012
38749
37747
35945
37381
37206
37470
36385
37506
37538
37610
37749
37162
36751
37844
38220
38465
35376
38889
36254
37013
38326
38703
38814
38815
38373
38746
36041
38835
37846
38774
35396
36279
38425
38891
38219
39496
40908
40202
39072
40707
41667
41720
40199
41663
40894
41369
41339
41450
40527
39074
39616
39139
39541
39619
41376
41259
41690
41295
39188
39388
39137
41254
38965
39583
39514
39582
42303
39867
41777
40690
40366
40083
41567
43245
43535
44477
44498
43304
44488
21242
21250
21594
21148
21282
21283
21310
21315
21345
21363
21388
21423
21457
21464
21486
21518
21522
21527
21595
21597
21598
21634
21657
21254
21144
21153
21367
21422
21461
21467
21468
21472
21500
21512
21542
21545
21576
21577
21581
21613
21616
21617
21188
21288
21609
22064
21671
21705
21714
21717
21722
21737
21742
21744
21746
21767
21794
21795
21796
21805
21838
21840
21842
21845
21852
21269
21275
21278
21279
21353
21354
21484
21633
21637
21638
21639
21641
21643
21644
21666
21674
21677
21678
21680
21681
21692
21695
21703
21704
21712
21715
21721
21723
21724
21725
21216
21217
21853
21863
21875
21882
21884
21885
21893
21894
21904
21915
21916
21931
21938
21939
21941
21943
21945
21947
21197
21198
21300
21317
21489
21506
21727
21728
21732
21734
21735
21736
21738
21760
21773
21785
21786
21788
21789
21790
21792
21809
21810
21823
21833
21834
21287
21299
21404
21408
21409
21956
21968
21970
21973
21976
21982
21984
21986
21987
21988
21989
22000
22001
22004
22007
22009
22031
22032
22033
21374
21138
21186
21436
21532
21533
21564
21604
21654
21836
21837
21844
21854
21856
21859
21865
21866
21877
21878
21881
21888
21889
21890
21898
21900
21902
21914
21921
21251
21252
21301
21403
21481
21571
21580
21599
22041
22042
22043
22045
22046
22052
22145
22228
22767
22829
23356
21200
21253
21303
21445
21655
21656
21708
21923
21935
21957
21961
21962
21964
21966
21971
21972
21983
21991
21996
22014
22015
22016
22020
22021
22024
22030
22051
22053
21169
21444
21583
21689
21690
21750
21751
21614
21615
22182
22185
22226
22234
22858
21228
21348
21349
22065
22115
22116
22322
21184
21259
21375
21429
21754
21755
22078
22079
22082
22083
22209
22211
22237
22272
22354
22437
22522
21379
22074
22098
22104
22106
22162
22253
22270
22291
22342
22534
22891
23215
21334
21204
21333
21352
21482
21535
21586
21662
21663
22148
22230
22262
22315
22383
22504
22624
23027
23232
21125
21297
21416
21427
21475
22124
22242
22345
22346
22712
22822
22846
22856
22939
21187
22143
22144
22218
22220
22427
22505
22595
23049
21183
21211
21212
21292
21418
21433
22151
22176
22283
22293
22382
22525
22701
22785
21276
21443
22067
22068
22070
22071
22163
22301
22344
22393
22400
22423
22710
22711
22726
23035
21454
22084
22085
22202
22224
22439
22531
22546
22723
22764
21221
22188
22208
22215
22223
22279
22326
22682
22713
22714
22114
22422
23210
23214
21491
21492
22112
22129
22155
22334
22376
22388
22429
22486
22715
22761
22821
22953
21272
21281
21360
21622
22113
22339
22470
23405
21504
21343
21517
22110
22235
22324
22353
22433
22532
23337
21128
21179
21213
21414
21419
21420
21421
21440
21652
22121
22123
22297
22526
23015
21621
21624
22225
22331
22332
22414
22424
22683
22706
22716
23169
21215
21659
22205
22206
22259
22273
22286
22298
22300
22413
22496
22771
22782
22820
23212
23293
21209
21232
22128
22310
22428
22628
21227
21268
21340
21378
21395
22107
22269
22358
22371
22557
22586
22987
23168
23403
23404
22094
22274
22317
22318
22319
22350
23096
23211
21693
21706
21718
21719
21720
21731
21747
21749
21764
21765
21770
21771
21776
21814
21816
21818
21820
21821
21822
21824
21825
21425
21446
21469
21509
21510
21514
21515
21516
21519
21524
21525
21555
21567
21578
21588
21600
21606
21610
21611
21625
21338
21339
22204
21827
21868
21871
21874
21963
21978
21985
21990
22008
22054
22057
22095
22118
22119
22126
22133
21229
21539
21540
21632
21640
21642
21645
21658
21664
21676
21679
21696
21698
21699
21710
21730
21739
21740
21741
21743
21748
21752
21753
21757
21762
21768
21777
21778
21779
21180
21191
21550
22154
21861
22139
22140
22141
22142
22157
22158
22179
22216
22238
22251
22254
22258
22280
21424
21483
21529
21585
21670
21726
21774
21775
21781
21782
21787
21799
21802
21803
21807
21813
21815
21826
21849
21850
21862
21880
21917
21919
21936
21940
21944
22003
22060
22061
22072
22097
22100
22102
22108
22284
22285
22287
22290
22294
22305
22312
22325
22327
22328
22333
22340
22341
22355
22356
22372
21173
21274
21336
21389
21431
21476
21569
21841
21977
21981
21994
22013
22026
22034
22036
22059
22073
22077
22103
22105
22120
22131
22178
22201
22217
22221
21239
21244
21245
21294
21326
21327
21328
21329
21361
21362
22086
22348
22374
22380
22385
22386
22398
22408
22409
22417
22419
22425
22434
21298
21480
21488
21592
21620
21668
21700
21702
21729
22244
22247
22250
22265
22266
22302
22303
22304
22307
22308
22311
22313
22321
22335
22351
22387
22389
22395
22396
22404
22410
22438
21463
22087
22088
22089
22090
22091
22092
22523
22540
22556
22559
22589
22594
22597
21219
22011
22047
22405
22431
22454
22490
22497
22541
22542
22544
21247
21495
21507
21508
21551
21552
21587
21593
22316
22330
22338
22536
22617
22704
22709
22717
22721
22725
22731
21156
21203
21220
21906
21912
22149
22232
22296
22584
22596
21233
21432
21494
21635
21667
21682
21684
21759
21766
21784
21798
21922
21951
21953
21892
21897
22023
22027
22037
22264
22267
22394
22970
21150
21181
21234
21265
21296
21309
22038
22039
22040
22685
22698
22703
22718
22765
22777
22968
23220
22277
22729
22732
22826
23022
23132
21142
21170
21230
21321
21330
21400
22135
22240
22276
22359
22779
22781
22859
22860
23001
23067
23083
21226
21322
21487
21548
21612
22137
22138
22390
22391
22397
23041
23461
21157
22035
22058
22062
22066
22130
22190
22197
22199
22416
22773
23231
45676
43582
43764
47077
47673
47402
47558
48202
47973
46043
46920
47338
47946
47947
47400
47676
48559
49156
47459
49002
47503
49169
47398
47288
47605
47500
46259
47861
47224
47706
47319
48085
48100
47395
47974
48465
47454
47606
47014
46362
47559
48875
21324
22861
23167
23189
23221
21141
21831
21832
22995
22694
22940
23107
23150
23457
23489
21210
21246
21285
21305
21306
21307
21308
21311
21318
22719
22994
23038
23305
23316
23368
23383
21135
21151
21357
21358
21442
21470
21471
21503
21511
21554
21558
21575
21934
22017
22018
22019
22227
23026
23314
21999
22392
22436
22727
22787
22993
23016
23032
23033
23315
21342
21347
21370
21376
21405
21520
21521
21646
21647
21648
21649
21650
21651
21672
21675
22125
22241
22432
22828
23425
21280
21337
21377
21394
21399
21402
21847
21848
21867
21911
22029
22753
21164
21372
21373
21417
21601
21869
21948
21952
21954
21955
22075
22367
22402
22969
21189
21271
21302
21413
21958
21959
21960
22420
22823
22952
21129
21130
21926
21997
22696
22804
21146
21201
21320
21355
21435
21437
21438
21449
21458
21479
21493
21896
22101
22153
22292
22938
22946
23188
21428
21485
21523
21530
21685
21687
24030
24393
25633
25743
26262
26275
26238
26308
24842
26351
24866
25792
24950
26602
24071
24324
25083
25770
23732
24060
27135
24951
27342
24920
26067
24613
24129
25644
25741
25165
25713
23891
25744
24560
26043
26999
23605
23631
26819
27686
23536
24750
26131
24927
25249
27107
25868
23678
23703
24339
26016
26015
26034
26069
23601
26111
26130
26159
26132
26260
24034
24118
24675
26349
27908
25300
25153
25345
26476
27687
26935
27012
27151
27170
24727
27002
48984
46789
49012
46630
48439
48959
49082
49107
47405
48048
49158
48741
47648
49168
47781
46830
47267
46662
46732
47397
49438
47403
47462
47342
48049
46260
47467
46787
47646
47721
50018
50846
51986
49496
50402
49498
50672
52434
50093
50661
51772
51778
52322
50206
50284
50419
49473
49972
50166
51572
49618
49785
50272
51421
51932
52039
51631
50934
49896
50638
24929
24098
24928
25111
26850
23546
25082
27080
24642
27841
27805
24690
24395
24525
24843
25085
25154
25704
26394
26975
27315
24047
24762
23857
24955
27084
24099
23747
24674
24987
25346
25758
30299
28653
29207
29977
29360
29559
30164
29333
29022
30414
29658
29998
31599
28940
30962
30999
28918
29349
30963
31101
31193
29685
30676
30170
31350
27974
29971
31023
31459
31482
31484
28001
31107
31568
29209
31455
31457
31476
30056
30507
31353
31456
31569
30501
31594
31598
31619
30960
31012
28992
28188
30302
30311
30415
29565
30433
30573
29563
30087
29609
30813
28165
29021
30301
31475
28614
29071
31075
52181
50302
51680
49829
50305
50505
50271
51795
50693
52753
52759
50780
50728
52852
50688
52789
52771
50401
52815
52830
49858
49889
50766
52786
49681
53597
54733
55031
55067
53542
54097
54344
54408
55877
53134
53394
55596
53470
54342
53627
54120
54907
54575
54418
55361
55467
53314
55782
54291
54384
54289
55805
53886
31601
29391
31736
29198
29899
28183
31591
29361
31649
29681
31104
28651
29045
29281
31480
31618
29558
31458
31103
31478
31724
33309
33542
33561
33636
31855
32703
33066
32305
32714
32910
33866
33930
31898
32001
33996
34257
34295
32347
32463
33408
32554
32105
34786
32172
32307
32351
32555
32760
34588
32106
32167
32557
32716
34362
34513
33065
34363
34429
32419
33484
32930
32989
34852
32155
32462
32991
31801
32987
32221
32337
34587
34622
34965
32104
32541
34586
32699
33691
33865
32507
33899
33929
33607
33898
33554
34099
34126
34143
32033
32415
32904
33279
31942
32309
33048
33109
34589
33443
32696
31889
34361
34590
54859
54917
56024
54234
53759
52880
53061
54276
54341
54084
53036
52924
54202